> Inicio Modulo PEATC GUI
Inicializacion PEATC App finalizada
> Comando inicio de prueba de PEATC
> Read PEATC
Envio Cmd a PEATC_Ctrl
Waiting Result...
Waiting Result PEATC_Ctrl in state PEATC_CONTROL_STATE_STAND_BY

===Control_Block===
Se recibe Cmd en PEATC_Ctrl
{'Cmd': 1, 'Gs_SignaldB': 30, 'Gs_Latency': 100, 'Gs_Polarity': 1, 'Gs_Freq': 50}
====================

===PEATC_GS_AS===
Cmd
(100, 1, 50, 30)
===PEATC_GS_AS===
Raw signal
array('B', [0, 5, 255, 253, 255, 252, 0, 0, 0, 3, 0, 2, 255, 255, 255, 254, 255, 255, 0, 0, 0, 0, 0, 2, 0, 10, 0, 25, 0, 41, 0, 46, 0, 36, 0, 13, 255, 244, 255, 227, 255, 220, 255, 222, 255, 228, 255, 237, 255, 249, 0, 7, 0, 21, 0, 28, 0, 27, 0, 18, 0, 8, 255, 253, 255, 241, 255, 230, 255, 222, 255, 226, 255, 245, 0, 18, 0, 44, 0, 56, 0, 51, 0, 32, 0, 10, 255, 246, 255, 224, 255, 200, 255, 175, 255, 158, 255, 155, 255, 167, 255, 186, 255, 205, 255, 220, 255, 236, 0, 0, 0, 22, 0, 38, 0, 42, 0, 36, 0, 26, 0, 23, 0, 26, 0, 31, 0, 0, 0, 18, 0, 5])
====================

===PEATC_Analyze===
Numero de ondas identificadas
5
Ondas identificadas
[[10, 25, 41, 46, 36, 13], [21, 28, 27, 18], [18, 44, 56, 51, 32, 10], [22, 38, 42, 36, 26, 23, 26, 31], [18]]
====================


===PEATC_Analyze===
Ondas y latencias
[10, 25, 41, 46, 36, 13] 0-> 1500
[21, 28, 27, 18] 1-> 2700
[18, 44, 56, 51, 32, 10] 2-> 3900
[22, 38, 42, 36, 26, 23, 26, 31] 4-> 5700
[18] 4-> 6400
Amp's & Lat's
[[46, 1500], [28, 2700], [56, 3900], [0, 0], [42, 5700]]
====================


> Se recibe resultado de PEATC_Ctrl
----Wave Amp & Lat----
[[46, 1500], [28, 2700], [56, 3900], [0, 0], [42, 5700]]
-----Full Wave Data----
array('i', [5, -3, -4, 0, 3, 2, -1, -2, -1, 0, 0, 2, 10, 25, 41, 46, 36, 13, -12, -29, -36, -34, -28, -19, -7, 7, 21, 28, 27, 18, 8, -3, -15, -26, -34, -30, -11, 18, 44, 56, 51, 32, 10, -10, -32, -56, -81, -98, -101, -89, -70, -51, -36, -20, 0, 22, 38, 42, 36, 26, 23, 26, 31, 0, 18, 5])

>Save SignaldB 30
{'SignaldB': 30, 'NewData': 1, 'Wave': [[46, 1500], [28, 2700], [56, 3900], [0, 0], [42, 5700]], 'FullSignal': array('i', [5, -3, -4, 0, 3, 2, -1, -2, -1, 0, 0, 2, 10, 25, 41, 46, 36, 13, -12, -29, -36, -34, -28, -19, -7, 7, 21, 28, 27, 18, 8, -3, -15, -26, -34, -30, -11, 18, 44, 56, 51, 32, 10, -10, -32, -56, -81, -98, -101, -89, -70, -51, -36, -20, 0, 22, 38, 42, 36, 26, 23, 26, 31, 0, 18, 5])}
-----------------------

> Comando inicio de prueba de PEATC
> Read PEATC
Envio Cmd a PEATC_Ctrl
Waiting Result...
Waiting Result PEATC_Ctrl in state PEATC_CONTROL_STATE_STAND_BY

===Control_Block===
Se recibe Cmd en PEATC_Ctrl
{'Cmd': 1, 'Gs_SignaldB': 40, 'Gs_Latency': 100, 'Gs_Polarity': 1, 'Gs_Freq': 50}
====================

===PEATC_GS_AS===
Cmd
(100, 1, 50, 40)
===PEATC_GS_AS===
Raw signal
array('B', [0, 5, 255, 253, 255, 252, 0, 0, 0, 3, 0, 2, 255, 255, 255, 254, 255, 255, 0, 0, 0, 0, 0, 2, 0, 10, 0, 25, 0, 41, 0, 46, 0, 36, 0, 13, 255, 244, 255, 227, 255, 220, 255, 222, 255, 228, 255, 237, 255, 249, 0, 7, 0, 21, 0, 28, 0, 27, 0, 18, 0, 8, 255, 253, 255, 241, 255, 230, 255, 222, 255, 226, 255, 245, 0, 18, 0, 44, 0, 56, 0, 51, 0, 32, 0, 10, 255, 246, 255, 224, 255, 200, 255, 175, 255, 158, 255, 155, 255, 167, 255, 186, 255, 205, 255, 220, 255, 236, 0, 0, 0, 22, 0, 38, 0, 42, 0, 36, 0, 26, 0, 23, 0, 26, 0, 31, 0, 0, 0, 18, 0, 5])
====================

===PEATC_Analyze===
Numero de ondas identificadas
5
Ondas identificadas
[[10, 25, 41, 46, 36, 13], [21, 28, 27, 18], [18, 44, 56, 51, 32, 10], [22, 38, 42, 36, 26, 23, 26, 31], [18]]
====================


===PEATC_Analyze===
Ondas y latencias
[10, 25, 41, 46, 36, 13] 0-> 1500
[21, 28, 27, 18] 1-> 2700
[18, 44, 56, 51, 32, 10] 2-> 3900
[22, 38, 42, 36, 26, 23, 26, 31] 4-> 5700
[18] 4-> 6400
Amp's & Lat's
[[46, 1500], [28, 2700], [56, 3900], [0, 0], [42, 5700]]
====================


> Se recibe resultado de PEATC_Ctrl
----Wave Amp & Lat----
[[46, 1500], [28, 2700], [56, 3900], [0, 0], [42, 5700]]
-----Full Wave Data----
array('i', [5, -3, -4, 0, 3, 2, -1, -2, -1, 0, 0, 2, 10, 25, 41, 46, 36, 13, -12, -29, -36, -34, -28, -19, -7, 7, 21, 28, 27, 18, 8, -3, -15, -26, -34, -30, -11, 18, 44, 56, 51, 32, 10, -10, -32, -56, -81, -98, -101, -89, -70, -51, -36, -20, 0, 22, 38, 42, 36, 26, 23, 26, 31, 0, 18, 5])

>Save SignaldB 40
{'SignaldB': 40, 'NewData': 1, 'Wave': [[46, 1500], [28, 2700], [56, 3900], [0, 0], [42, 5700]], 'FullSignal': array('i', [5, -3, -4, 0, 3, 2, -1, -2, -1, 0, 0, 2, 10, 25, 41, 46, 36, 13, -12, -29, -36, -34, -28, -19, -7, 7, 21, 28, 27, 18, 8, -3, -15, -26, -34, -30, -11, 18, 44, 56, 51, 32, 10, -10, -32, -56, -81, -98, -101, -89, -70, -51, -36, -20, 0, 22, 38, 42, 36, 26, 23, 26, 31, 0, 18, 5])}
-----------------------

> Comando inicio de prueba de PEATC
> Read PEATC
Envio Cmd a PEATC_Ctrl
Waiting Result...
Waiting Result PEATC_Ctrl in state PEATC_CONTROL_STATE_STAND_BY

===Control_Block===
Se recibe Cmd en PEATC_Ctrl
{'Cmd': 1, 'Gs_SignaldB': 50, 'Gs_Latency': 100, 'Gs_Polarity': 1, 'Gs_Freq': 50}
====================

===PEATC_GS_AS===
Cmd
(100, 1, 50, 50)
===PEATC_GS_AS===
Raw signal
array('B', [0, 5, 255, 253, 255, 252, 0, 0, 0, 3, 0, 2, 255, 255, 255, 254, 255, 255, 0, 0, 0, 0, 0, 2, 0, 10, 0, 25, 0, 41, 0, 46, 0, 36, 0, 13, 255, 244, 255, 227, 255, 220, 255, 222, 255, 228, 255, 237, 255, 249, 0, 7, 0, 21, 0, 28, 0, 27, 0, 18, 0, 8, 255, 253, 255, 241, 255, 230, 255, 222, 255, 226, 255, 245, 0, 18, 0, 44, 0, 56, 0, 51, 0, 32, 0, 10, 255, 246, 255, 224, 255, 200, 255, 175, 255, 158, 255, 155, 255, 167, 255, 186, 255, 205, 255, 220, 255, 236, 0, 0, 0, 22, 0, 38, 0, 42, 0, 36, 0, 26, 0, 23, 0, 26, 0, 31, 0, 0, 0, 18, 0, 5])
====================

===PEATC_Analyze===
Numero de ondas identificadas
5
Ondas identificadas
[[10, 25, 41, 46, 36, 13], [21, 28, 27, 18], [18, 44, 56, 51, 32, 10], [22, 38, 42, 36, 26, 23, 26, 31], [18]]
====================


===PEATC_Analyze===
Ondas y latencias
[10, 25, 41, 46, 36, 13] 0-> 1500
[21, 28, 27, 18] 1-> 2700
[18, 44, 56, 51, 32, 10] 2-> 3900
[22, 38, 42, 36, 26, 23, 26, 31] 4-> 5700
[18] 4-> 6400
Amp's & Lat's
[[46, 1500], [28, 2700], [56, 3900], [0, 0], [42, 5700]]
====================


> Se recibe resultado de PEATC_Ctrl
----Wave Amp & Lat----
[[46, 1500], [28, 2700], [56, 3900], [0, 0], [42, 5700]]
-----Full Wave Data----
array('i', [5, -3, -4, 0, 3, 2, -1, -2, -1, 0, 0, 2, 10, 25, 41, 46, 36, 13, -12, -29, -36, -34, -28, -19, -7, 7, 21, 28, 27, 18, 8, -3, -15, -26, -34, -30, -11, 18, 44, 56, 51, 32, 10, -10, -32, -56, -81, -98, -101, -89, -70, -51, -36, -20, 0, 22, 38, 42, 36, 26, 23, 26, 31, 0, 18, 5])

>Save SignaldB 50
{'SignaldB': 50, 'NewData': 1, 'Wave': [[46, 1500], [28, 2700], [56, 3900], [0, 0], [42, 5700]], 'FullSignal': array('i', [5, -3, -4, 0, 3, 2, -1, -2, -1, 0, 0, 2, 10, 25, 41, 46, 36, 13, -12, -29, -36, -34, -28, -19, -7, 7, 21, 28, 27, 18, 8, -3, -15, -26, -34, -30, -11, 18, 44, 56, 51, 32, 10, -10, -32, -56, -81, -98, -101, -89, -70, -51, -36, -20, 0, 22, 38, 42, 36, 26, 23, 26, 31, 0, 18, 5])}
-----------------------

> Comando diagnostico de senales PEATC
> Run Diag PEATC
----Wave Amp & Lat----
[[[46, 1500], [28, 2700], [56, 3900], [0, 0], [42, 5700]], [[46, 1500], [28, 2700], [56, 3900], [0, 0], [42, 5700]], [[46, 1500], [28, 2700], [56, 3900], [0, 0], [42, 5700]]]
Envio senal de PEATC para diagnostico
Waiting Diag Result...
===Control_Block===
Se recibe Cmd en PEATC_Diag
Wave Amp & Lat
[7, [[[46, 1500], [28, 2700], [56, 3900], [0, 0], [42, 5700]], [[46, 1500], [28, 2700], [56, 3900], [0, 0], [42, 5700]], [[46, 1500], [28, 2700], [56, 3900], [0, 0], [42, 5700]]]]
====================


> Se recibe resultado de PEATC_Diag
5
Wave III absent with presence of I and V
---------
---------
---Creating CSV File----
Creating CSV File in the following direction
E:\ARCHIVOS_Y_DOCUMENTOS\01_Tesis_Local\PEATC_App\Graphic_App\..\_Logs\Log_NewPEATCTes 20-03-2022_22.21.44.csv

Writing following data in the csv file
[{'SignaldB': 30, 'Wave': [[46, 1500], [28, 2700], [56, 3900], [0, 0], [42, 5700]], 'FullSignal': array('i', [5, -3, -4, 0, 3, 2, -1, -2, -1, 0, 0, 2, 10, 25, 41, 46, 36, 13, -12, -29, -36, -34, -28, -19, -7, 7, 21, 28, 27, 18, 8, -3, -15, -26, -34, -30, -11, 18, 44, 56, 51, 32, 10, -10, -32, -56, -81, -98, -101, -89, -70, -51, -36, -20, 0, 22, 38, 42, 36, 26, 23, 26, 31, 0, 18, 5]), 'Diagnostic': 5}, {'SignaldB': 40, 'Wave': [[46, 1500], [28, 2700], [56, 3900], [0, 0], [42, 5700]], 'FullSignal': array('i', [5, -3, -4, 0, 3, 2, -1, -2, -1, 0, 0, 2, 10, 25, 41, 46, 36, 13, -12, -29, -36, -34, -28, -19, -7, 7, 21, 28, 27, 18, 8, -3, -15, -26, -34, -30, -11, 18, 44, 56, 51, 32, 10, -10, -32, -56, -81, -98, -101, -89, -70, -51, -36, -20, 0, 22, 38, 42, 36, 26, 23, 26, 31, 0, 18, 5]), 'Diagnostic': 5}, {'SignaldB': 50, 'Wave': [[46, 1500], [28, 2700], [56, 3900], [0, 0], [42, 5700]], 'FullSignal': array('i', [5, -3, -4, 0, 3, 2, -1, -2, -1, 0, 0, 2, 10, 25, 41, 46, 36, 13, -12, -29, -36, -34, -28, -19, -7, 7, 21, 28, 27, 18, 8, -3, -15, -26, -34, -30, -11, 18, 44, 56, 51, 32, 10, -10, -32, -56, -81, -98, -101, -89, -70, -51, -36, -20, 0, 22, 38, 42, 36, 26, 23, 26, 31, 0, 18, 5]), 'Diagnostic': 5}]
> Comando reset datos de prueba PEATC
> Reset Diag
[<tkinter.Canvas object .!frame2.!canvas.!frame.!canvas>, <tkinter.Canvas object .!frame2.!canvas.!frame.!canvas2>, <tkinter.Canvas object .!frame2.!canvas.!frame.!canvas3>]
